msg msg  -device address- device  num   msg   total  word/
 #   #                     addr   rows  dur    dur   phrase
  0  00  0000000000000000  0000     4    1.0    1.0  zero
  1  01  0000000000000100  0004     4    1.0    2.0  one
  2  02  0000000000001000  0008     4    1.0    3.0  two
  3  03  0000000000001100  000c     4    1.0    4.0  three
  4  04  0000000000010000  0010     4    1.0    5.0  four
  5  05  0000000000010100  0014     4    1.0    6.0  five
  6  06  0000000000011000  0018     4    1.0    7.0  six
  7  07  0000000000011100  001c     4    1.0    8.0  seven
  8  08  0000000000100000  0020     4    1.0    9.0  eight
  9  09  0000000000100100  0024     4    1.0   10.0  nine
 10  0a  0000000000101000  0028     4    1.0   11.0  ten
 11  0b  0000000000101100  002c     4    1.0   12.0  eleven
 12  0c  0000000000110000  0030     4    1.0   13.0  twelve
 13  0d  0000000000110100  0034     4    1.0   14.0  thirteen
 14  0e  0000000000111000  0038     4    1.0   15.0  fourteen
 15  0f  0000000000111100  003c     4    1.0   16.0  fifteen
 16  10  0000000001000000  0040     4    1.0   17.0  sixteen
 17  11  0000000001000100  0044     4    1.0   18.0  seventeen
 18  12  0000000001001000  0048     4    1.0   19.0  eighteen
 19  13  0000000001001100  004c     4    1.0   20.0  nineteen
 20  14  0000000001010000  0050     4    1.0   21.0  twenty
 21  15  0000000001010100  0054     4    1.0   22.0  thirty
 22  16  0000000001011000  0058     4    1.0   23.0  forty
 23  17  0000000001011100  005c     4    1.0   24.0  fifty
 24  18  0000000001100000  0060     4    1.0   25.0  sixty
 25  19  0000000001100100  0064     4    1.0   26.0  seventy
 26  1a  0000000001101000  0068     4    1.0   27.0  eighty
 27  1b  0000000001101100  006c     4    1.0   28.0  ninety
 28  1c  0000000001110000  0070     4    1.0   29.0  hundred
 29  1d  0000000001110100  0074     4    1.0   30.0  thousand
 30  1e  0000000001111000  0078     4    1.0   31.0  access
 31  1f  0000000001111100  007c     4    1.0   32.0  autopatch
 32  20  0000000010000000  0080     4    1.0   33.0  bad
 33  21  0000000010000100  0084     4    1.0   34.0  base
 34  22  0000000010001000  0088     4    1.0   35.0  call
 35  23  0000000010001100  008c     4    1.0   36.0  complete
 36  24  0000000010010000  0090     4    1.0   37.0  control
 37  25  0000000010010100  0094     4    1.0   38.0  command
 38  26  0000000010011000  0098     4    1.0   39.0  disabled
 39  27  0000000010011100  009c     4    1.0   40.0  denied
 40  28  0000000010100000  00a0     4    1.0   41.0  enabled
 41  29  0000000010100100  00a4     4    1.0   42.0  error
 42  2a  0000000010101000  00a8     4    1.0   43.0  frequency
 43  2b  0000000010101100  00ac     4    1.0   44.0  is
 44  2c  0000000010110000  00b0     4    1.0   45.0  hertz
 45  2d  0000000010110100  00b4     4    1.0   46.0  kilo
 46  2e  0000000010111000  00b8     4    1.0   47.0  link
 47  2f  0000000010111100  00bc     4    1.0   48.0  mega
 48  30  0000000011000000  00c0     4    1.0   49.0  message
 49  31  0000000011000100  00c4     4    1.0   50.0  minus
 50  32  0000000011001000  00c8     4    1.0   51.0  minutes
 51  33  0000000011001100  00cc     4    1.0   52.0  off
 52  34  0000000011010000  00d0     4    1.0   53.0  on
 53  35  0000000011010100  00d4     4    1.0   54.0  operator
 54  36  0000000011011000  00d8     4    1.0   55.0  phone
 55  37  0000000011011100  00dc     4    1.0   56.0  PL
 56  38  0000000011100000  00e0     4    1.0   57.0  point
 57  39  0000000011100100  00e4     4    1.0   58.0  program
 58  3a  0000000011101000  00e8     4    1.0   59.0  receive
 59  3b  0000000011101100  00ec     4    1.0   60.0  record
 60  3c  0000000011110000  00f0     4    1.0   61.0  no
 61  3d  0000000011110100  00f4     4    1.0   62.0  remote
 62  3e  0000000011111000  00f8     4    1.0   63.0  repeater
 63  3f  0000000011111100  00fc     4    1.0   64.0  ring
 64  40  0000000100000000  0100     4    1.0   65.0  seconds
 65  41  0000000100000100  0104     4    1.0   66.0  squelch
 66  42  0000000100001000  0108     4    1.0   67.0  timer
 67  43  0000000100001100  010c     4    1.0   68.0  transmit
 68  44  0000000100010000  0110     4    1.0   69.0  test
 69  45  0000000100010100  0114     4    1.0   70.0  NHRC
 70  46  0000000100011000  0118     4    1.0   71.0  mailbox
 71  47  0000000100011100  011c     4    1.0   72.0  police
 72  48  0000000100100000  0120     4    1.0   73.0  fire
 73  49  0000000100100100  0124     4    1.0   74.0  emergency
 74  4a  0000000100101000  0128     4    1.0   75.0  weather
 75  4b  0000000100101100  012c     4    1.0   76.0  OK
 76  4c  0000000100110000  0130     4    1.0   77.0  sideband
 77  4d  0000000100110100  0134     4    1.0   78.0  AM
 78  4e  0000000100111000  0138     4    1.0   79.0  PM
 79  4f  0000000100111100  013c     4    1.0   80.0  upper
 80  50  0000000101000000  0140     4    1.0   81.0  lower
 81  51  0000000101000100  0144     4    1.0   82.0  FM
 82  52  0000000101001000  0148     4    1.0   83.0  A
 83  53  0000000101001100  014c     4    1.0   84.0  B
 84  54  0000000101010000  0150     4    1.0   85.0  C
 85  55  0000000101010100  0154     4    1.0   86.0  D
 86  56  0000000101011000  0158     4    1.0   87.0  E
 87  57  0000000101011100  015c     4    1.0   88.0  F
 88  58  0000000101100000  0160     4    1.0   89.0  meters
 89  59  0000000101100100  0164     4    1.0   90.0  centi
 90  5a  0000000101101000  0168     4    1.0   91.0  alert
 91  5b  0000000101101100  016c     4    1.0   92.0  up
 92  5c  0000000101110000  0170     4    1.0   93.0  down
 93  5d  0000000101110100  0174     4    1.0   94.0  plus
 94  5e  0000000101111000  0178     4    1.0   95.0  number
 95  5f  0000000101111100  017c     4    1.0   96.0  header
 96  60  0000000110000000  0180    32    8.0  104.0  normal ID 1
 97  61  0000000110100000  01a0    32    8.0  112.0  normal ID 2
 98  62  0000000111000000  01c0    32    8.0  120.0  normal ID 3
 99  63  0000000111100000  01e0    32    8.0  128.0  timeout message
100  64  0000001000000000  0200    32    8.0  136.0  tail message 1
101  65  0000001000100000  0220    32    8.0  144.0  tail message 2
102  66  0000001001000000  0240    32    8.0  152.0  tail message 3
103  67  0000001001100000  0260    32    8.0  160.0  test track
104  68  0000001010000000  0280    32    8.0  168.0  (not used)
105  69  0000001010100000  02a0    32    8.0  176.0  mbox 1 header
106  6a  0000001011000000  02c0    32    8.0  184.0  mbox 2 header
107  6b  0000001011100000  02e0    32    8.0  192.0  mbox 3 header
108  6c  0000001100000000  0300    32    8.0  200.0  mbox 4 header
109  6d  0000001100100000  0320    32    8.0  208.0  mbox 5 header
110  6e  0000001101000000  0340    32    8.0  216.0  mbox 6 header
111  6f  0000001101100000  0360   128   32.0  248.0  initial ID message
112  70  0000001111100000  03e0   128   32.0  280.0  announcement 1
113  71  0000010001100000  0460   128   32.0  312.0  announcement 2
114  72  0000010011100000  04e0   128   32.0  344.0  announcement 3
115  73  0000010101100000  0560   128   32.0  376.0  litz message
116  74  0000010111100000  05e0   128   32.0  408.0  special message
117  75  0000011001100000  0660   128   32.0  440.0  mbox 1 contents
118  76  0000011011100000  06e0   128   32.0  472.0  mbox 2 contents
119  77  0000011101100000  0760   128   32.0  504.0  mbox 3 contents
120  78  0000011111100000  07e0   128   32.0  536.0  mbox 4 contents
121  79  0000100001100000  0860   128   32.0  568.0  mbox 5 contents
122  7a  0000100011100000  08e0   128   32.0  600.0  mbox 6 contents
