note	freq	period	period/2	inter counts	act freq	count in hex		xtal	period	period * 4					
f4	349.25	0.002863278	0.001431639	5726	349.2839679	165E		16000000.0000000000	0.0000000625	0.0000002500					
f#4	370	0.002702703	0.001351351	5405	370.0277521	151D									
g4	392	0.00255102	0.00127551	5102	392.003136	13EE		prescale	1.0000000000	256.0000000000	1024.0000000000	2048.0000000000	16384.0000000000	32768.0000000000	65536.0000000000
g#4	415.3	0.002407898	0.001203949	4815	415.3686397	12CF		1.0000000000	0.0000002500	0.0000640000	0.0002560000	0.0005120000	0.0040960000	0.0081920000	0.0163840000
a4	440	0.002272727	0.001136364	4545	440.0440044	11C1		2.0000000000	0.0000005000	0.0001280000	0.0005120000	0.0010240000	0.0081920000	0.0163840000	0.0327680000
a#4	466.15	0.002145232	0.001072616	4290	466.2004662	10C2		4.0000000000	0.0000010000	0.0002560000	0.0010240000	0.0020480000	0.0163840000	0.0327680000	0.0655360000
b4	493.9	0.002024701	0.001012351	4049	493.9491232	0FD1		8.0000000000	0.0000020000	0.0005120000	0.0020480000	0.0040960000	0.0327680000	0.0655360000	0.1310720000
c5	523.25	0.001911132	0.000955566	3822	523.2862376	0EEE									
c#5	554.35	0.001803914	0.000901957	3607	554.477405	0E17									
d5	587.35	0.001702562	0.000851281	3405	587.3715125	0D4D		inter. Val.
d#5	622.3	0.001606942	0.000803471	3213	622.4712107	0C8D		0.0000002500
e5	659.3	0.00151676	0.00075838	3033	659.4131223	0BD9		
f5	698.5	0.001431639	0.00071582	2863	698.5679357	0B2F		
f#5	740	0.001351351	0.000675676	2702	740.19245	0A8E		
g5	784	0.00127551	0.000637755	2551	784.0062721	09F7		
g#5	830.6	0.001203949	0.000601974	2407	830.9098463	0967		400.0000000000
a5	880	0.001136364	0.000568182	2272	880.2816901	08E0		
a#5	932.3	0.001072616	0.000536308	2145	932.4009324	0861		100.0000000000
b5	987.8	0.001012351	0.000506175	2024	988.1422925	07E8		
c6	1046.5	0.000955566	0.000477783	1911	1046.572475	0777		
c#6	1108.7	0.000901957	0.000450979	1803	1109.262341	070B		
d6	1174.7	0.000851281	0.000425641	1702	1175.088132	06A6		
d#6	1244.5	0.000803536	0.000401768	1607	1244.555072	0647		
e6	1318.5	0.000758438	0.000379219	1516	1319.261214	05EC		
f6	1397	0.00071582	0.00035791	1431	1397.624039	0597		
f#6	1480	0.000675676	0.000337838	1351	1480.3849	0547
g6	1568	0.000637755	0.000318878	1275	1568.627451	04FB
g#6	1661.2	0.000601974	0.000300987	1203	1662.510391	04B3
a6	1760	0.000568182	0.000284091	1136	1760.56338	0470
a#6	1864.7	0.000536279	0.00026814	1072	1865.671642	0430
b6	1975.5	0.000506201	0.0002531	1012	1976.284585	03F4
